# NAME: ELT_mirror_reflectivity.txt
# DATE: 30/03/2022
# TYPE:  Mirror Throughput
# VERSION: 1.2
# ORIGIN: ELT Throughput Budget Baseline Tabulated Data.xlsx
#	ESO-253082_4 2019-12-27
# 	Reflectivity M1--M6
# 
# Wavelength[um],throughput
0.300,7.695E-06
0.305,1.604E-06
0.310,1.458E-07
0.315,1.675E-09
0.320,1.537E-11
0.325,1.024E-05
0.330,2.000E-03
0.335,1.896E-02
0.340,5.187E-02
0.345,8.992E-02
0.350,1.263E-01
0.355,1.602E-01
0.360,1.886E-01
0.365,2.182E-01
0.370,2.444E-01
0.375,2.692E-01
0.380,2.947E-01
0.385,3.171E-01
0.390,3.395E-01
0.395,3.608E-01
0.400,3.832E-01
0.405,4.023E-01
0.410,4.210E-01
0.415,4.402E-01
0.420,4.558E-01
0.425,4.720E-01
0.430,4.868E-01
0.435,5.000E-01
0.440,5.140E-01
0.445,5.264E-01
0.450,5.373E-01
0.455,5.476E-01
0.460,5.575E-01
0.465,5.652E-01
0.470,5.741E-01
0.475,5.818E-01
0.480,5.925E-01
0.485,5.986E-01
0.490,6.041E-01
0.495,6.121E-01
0.500,6.171E-01
0.505,6.266E-01
0.510,6.299E-01
0.515,6.352E-01
0.520,6.415E-01
0.525,6.449E-01
0.530,6.496E-01
0.535,6.565E-01
0.540,6.601E-01
0.545,6.638E-01
0.550,6.683E-01
0.555,6.735E-01
0.560,6.730E-01
0.565,6.786E-01
0.570,6.827E-01
0.575,6.856E-01
0.580,6.909E-01
0.585,6.915E-01
0.590,6.955E-01
0.595,6.984E-01
0.600,7.009E-01
0.605,7.028E-01
0.610,7.070E-01
0.615,7.072E-01
0.620,7.081E-01
0.625,7.140E-01
0.630,7.141E-01
0.635,7.147E-01
0.640,7.167E-01
0.645,7.207E-01
0.650,7.199E-01
0.655,7.251E-01
0.660,7.258E-01
0.665,7.260E-01
0.670,7.281E-01
0.675,7.314E-01
0.680,7.329E-01
0.685,7.335E-01
0.690,7.347E-01
0.695,7.362E-01
0.700,7.363E-01
0.705,7.400E-01
0.710,7.373E-01
0.715,7.414E-01
0.720,7.407E-01
0.725,7.420E-01
0.730,7.472E-01
0.735,7.449E-01
0.740,7.453E-01
0.745,7.473E-01
0.750,7.495E-01
0.755,7.523E-01
0.760,7.534E-01
0.765,7.512E-01
0.770,7.543E-01
0.775,7.522E-01
0.780,7.540E-01
0.785,7.590E-01
0.790,7.521E-01
0.795,7.544E-01
0.800,7.332E-01
0.805,7.385E-01
0.810,7.380E-01
0.815,7.428E-01
0.820,7.407E-01
0.825,7.411E-01
0.830,7.444E-01
0.835,7.413E-01
0.840,7.492E-01
0.845,7.443E-01
0.850,7.505E-01
0.855,7.568E-01
0.860,7.576E-01
0.865,7.591E-01
0.870,7.638E-01
0.875,7.671E-01
0.880,7.831E-01
0.885,7.714E-01
0.890,7.735E-01
0.895,7.766E-01
0.900,7.796E-01
0.905,7.847E-01
0.910,7.872E-01
0.915,7.880E-01
0.920,7.923E-01
0.925,7.964E-01
0.930,7.992E-01
0.935,8.064E-01
0.940,8.092E-01
0.945,8.145E-01
0.950,8.158E-01
0.955,8.201E-01
0.960,8.216E-01
0.965,8.216E-01
0.970,8.254E-01
0.975,8.294E-01
0.980,8.306E-01
0.985,8.323E-01
0.990,8.360E-01
0.995,8.355E-01
1.000,8.359E-01
1.005,8.407E-01
1.010,8.416E-01
1.015,8.456E-01
1.020,8.465E-01
1.025,8.494E-01
1.030,8.507E-01
1.035,8.509E-01
1.040,8.526E-01
1.045,8.564E-01
1.050,8.534E-01
1.055,8.581E-01
1.060,8.591E-01
1.065,8.573E-01
1.070,8.611E-01
1.075,8.631E-01
1.080,8.611E-01
1.085,8.617E-01
1.090,8.619E-01
1.095,8.646E-01
1.100,8.635E-01
1.105,8.660E-01
1.110,8.661E-01
1.115,8.664E-01
1.120,8.707E-01
1.125,8.682E-01
1.130,8.683E-01
1.135,8.712E-01
1.140,8.708E-01
1.145,8.702E-01
1.150,8.734E-01
1.155,8.749E-01
1.160,8.754E-01
1.165,8.748E-01
1.170,8.759E-01
1.175,8.766E-01
1.180,8.763E-01
1.185,8.798E-01
1.190,8.804E-01
1.195,8.776E-01
1.200,8.814E-01
1.205,8.805E-01
1.210,8.890E-01
1.215,8.855E-01
1.220,8.856E-01
1.225,8.882E-01
1.230,8.869E-01
1.235,8.901E-01
1.240,8.878E-01
1.245,8.896E-01
1.250,8.926E-01
1.255,8.926E-01
1.260,8.926E-01
1.265,8.932E-01
1.270,8.929E-01
1.275,8.959E-01
1.280,8.932E-01
1.285,8.962E-01
1.290,8.967E-01
1.295,8.980E-01
1.300,8.955E-01
1.305,8.992E-01
1.310,8.947E-01
1.315,8.973E-01
1.320,8.978E-01
1.325,8.979E-01
1.330,8.981E-01
1.335,9.001E-01
1.340,9.005E-01
1.345,8.993E-01
1.350,9.028E-01
1.355,9.036E-01
1.360,9.022E-01
1.365,9.039E-01
1.370,9.070E-01
1.375,9.050E-01
1.380,9.057E-01
1.385,9.058E-01
1.390,9.068E-01
1.395,9.060E-01
1.400,9.043E-01
1.405,9.073E-01
1.410,9.102E-01
1.415,9.066E-01
1.420,9.080E-01
1.425,9.049E-01
1.430,9.073E-01
1.435,9.074E-01
1.440,9.073E-01
1.445,9.053E-01
1.450,9.083E-01
1.455,9.074E-01
1.460,9.083E-01
1.465,9.089E-01
1.470,9.109E-01
1.475,9.069E-01
1.480,9.100E-01
1.485,9.096E-01
1.490,9.111E-01
1.495,9.095E-01
1.500,9.102E-01
1.505,9.076E-01
1.510,9.099E-01
1.515,9.122E-01
1.520,9.136E-01
1.525,9.100E-01
1.530,9.132E-01
1.535,9.115E-01
1.540,9.142E-01
1.545,9.099E-01
1.550,9.142E-01
1.555,9.141E-01
1.560,9.133E-01
1.565,9.126E-01
1.570,9.145E-01
1.575,9.124E-01
1.580,9.124E-01
1.585,9.160E-01
1.590,9.136E-01
1.595,9.130E-01
1.600,9.135E-01
1.605,9.105E-01
1.610,9.142E-01
1.615,9.155E-01
1.620,9.139E-01
1.625,9.140E-01
1.630,9.128E-01
1.635,9.127E-01
1.640,9.118E-01
1.645,9.124E-01
1.650,9.097E-01
1.655,9.130E-01
1.660,9.113E-01
1.665,9.102E-01
1.670,9.085E-01
1.675,9.135E-01
1.680,9.092E-01
1.685,9.075E-01
1.690,9.100E-01
1.695,9.107E-01
1.700,9.064E-01
1.705,9.095E-01
1.710,9.063E-01
1.715,9.078E-01
1.720,9.090E-01
1.725,9.075E-01
1.730,9.091E-01
1.735,9.098E-01
1.740,9.069E-01
1.745,9.084E-01
1.750,9.097E-01
1.755,9.096E-01
1.760,9.097E-01
1.765,9.097E-01
1.770,9.099E-01
1.775,9.128E-01
1.780,9.129E-01
1.785,9.115E-01
1.790,9.119E-01
1.795,9.142E-01
1.800,9.091E-01
1.805,9.119E-01
1.810,9.131E-01
1.815,9.145E-01
1.820,9.149E-01
1.825,9.171E-01
1.830,9.153E-01
1.835,9.137E-01
1.840,9.142E-01
1.845,9.151E-01
1.850,9.202E-01
1.855,9.181E-01
1.860,9.146E-01
1.865,9.165E-01
1.870,9.167E-01
1.875,9.150E-01
1.880,9.180E-01
1.885,9.184E-01
1.890,9.180E-01
1.895,9.183E-01
1.900,9.183E-01
1.905,9.144E-01
1.910,9.198E-01
1.915,9.213E-01
1.920,9.179E-01
1.925,9.190E-01
1.930,9.195E-01
1.935,9.223E-01
1.940,9.197E-01
1.945,9.248E-01
1.950,9.211E-01
1.955,9.223E-01
1.960,9.234E-01
1.965,9.221E-01
1.970,9.245E-01
1.975,9.211E-01
1.980,9.229E-01
1.985,9.231E-01
1.990,9.231E-01
1.995,9.232E-01
2.000,9.254E-01
2.005,9.244E-01
2.010,9.261E-01
2.015,9.260E-01
2.020,9.274E-01
2.025,9.274E-01
2.030,9.279E-01
2.035,9.288E-01
2.040,9.279E-01
2.045,9.280E-01
2.050,9.319E-01
2.055,9.286E-01
2.060,9.303E-01
2.065,9.315E-01
2.070,9.313E-01
2.075,9.303E-01
2.080,9.347E-01
2.085,9.294E-01
2.090,9.342E-01
2.095,9.343E-01
2.100,9.335E-01
2.105,9.332E-01
2.110,9.353E-01
2.115,9.352E-01
2.120,9.358E-01
2.125,9.366E-01
2.130,9.371E-01
2.135,9.366E-01
2.140,9.373E-01
2.145,9.384E-01
2.150,9.363E-01
2.155,9.394E-01
2.160,9.386E-01
2.165,9.402E-01
2.170,9.381E-01
2.175,9.411E-01
2.180,9.384E-01
2.185,9.414E-01
2.190,9.383E-01
2.195,9.404E-01
2.200,9.397E-01
2.205,9.411E-01
2.210,9.420E-01
2.215,9.454E-01
2.220,9.423E-01
2.225,9.448E-01
2.230,9.436E-01
2.235,9.433E-01
2.240,9.402E-01
2.245,9.446E-01
2.250,9.480E-01
2.255,9.532E-01
2.260,9.540E-01
2.265,9.673E-01
2.270,9.631E-01
2.275,9.564E-01
2.280,9.504E-01
2.285,9.420E-01
2.290,9.446E-01
2.295,9.456E-01
2.300,9.481E-01
2.305,9.457E-01
2.310,9.466E-01
2.315,9.446E-01
2.320,9.470E-01
2.325,9.490E-01
2.330,9.475E-01
2.335,9.511E-01
2.340,9.479E-01
2.345,9.480E-01
2.350,9.511E-01
2.355,9.485E-01
2.360,9.512E-01
2.365,9.506E-01
2.370,9.518E-01
2.375,9.541E-01
2.380,9.501E-01
2.385,9.528E-01
2.390,9.496E-01
2.395,9.504E-01
2.400,9.476E-01
2.405,9.477E-01
2.410,9.537E-01
2.415,9.530E-01
2.420,9.496E-01
2.425,9.475E-01
2.430,9.524E-01
2.435,9.514E-01
2.440,9.511E-01
2.445,9.539E-01
2.450,9.551E-01
2.455,9.538E-01
2.460,9.517E-01
2.465,9.543E-01
2.470,9.554E-01
2.475,9.548E-01
2.480,9.568E-01
2.485,9.540E-01
2.490,9.584E-01
2.495,9.543E-01
2.500,9.531E-01
24.00,9.651E-01
