##NAME: KMOS_Detector_chip3_noise_prob_dist.txt
##DATE: 01-03-14
##TYPE: KMOS detector chip 3 noise properties: 300s dark exposure
##AUTHOR: Simon Zieleniewski
##VERSION: 1.0
##EXTRA: 10x KMOS dark frames (300 s exposure time)
#Total variance, no.of pixels, Variance probability distribution
0.00000e+00,1.83000e+02,0.00000e+00
9.98999e-02,2.39443e+02,1.68472e-05
1.99800e-01,2.95887e+02,5.72945e-05
2.99700e-01,8.07459e+02,1.01296e-04
3.99600e-01,1.31995e+03,2.50542e-04
4.99499e-01,2.41998e+03,3.99691e-04
5.99399e-01,3.52237e+03,8.29693e-04
6.99299e-01,5.27915e+03,1.18070e-03
7.99199e-01,7.03989e+03,2.09306e-03
8.99099e-01,9.42941e+03,2.74986e-03
9.98999e-01,1.18240e+04,4.34955e-03
1.09890e+00,1.47813e+04,5.41058e-03
1.19880e+00,1.77444e+04,7.88669e-03
1.29870e+00,2.10435e+04,9.43357e-03
1.39860e+00,2.43467e+04,1.29222e-02
1.49850e+00,2.81586e+04,1.50161e-02
1.59840e+00,3.19778e+04,1.96603e-02
1.69830e+00,3.55910e+04,2.23550e-02
1.79820e+00,3.92009e+04,2.81765e-02
1.89810e+00,4.30482e+04,3.14566e-02
1.99800e+00,4.68998e+04,3.84774e-02
2.09790e+00,5.09012e+04,4.23777e-02
2.19780e+00,5.49057e+04,5.06572e-02
2.29770e+00,5.86577e+04,5.51862e-02
2.39760e+00,6.24039e+04,6.46928e-02
2.49750e+00,6.56368e+04,6.97991e-02
2.59740e+00,6.88571e+04,8.03980e-02
2.69730e+00,7.16712e+04,8.60023e-02
2.79720e+00,7.44744e+04,9.75472e-02
2.89710e+00,7.73280e+04,1.03601e-01
2.99700e+00,8.01832e+04,1.16051e-01
3.09690e+00,8.23072e+04,1.22531e-01
3.19680e+00,8.44086e+04,1.35744e-01
3.29670e+00,8.66019e+04,1.42564e-01
3.39660e+00,8.87982e+04,1.56467e-01
3.49650e+00,9.03499e+04,1.63611e-01
3.59640e+00,9.18788e+04,1.78085e-01
3.69630e+00,9.30477e+04,1.85460e-01
3.79620e+00,9.42030e+04,2.00349e-01
3.89610e+00,9.54175e+04,2.07911e-01
3.99600e+00,9.66342e+04,2.23181e-01
4.09590e+00,9.68834e+04,2.30898e-01
4.19580e+00,9.70922e+04,2.46362e-01
4.29570e+00,9.72737e+04,2.54113e-01
4.39560e+00,9.74541e+04,2.69638e-01
4.49550e+00,9.77399e+04,2.77422e-01
4.59540e+00,9.80306e+04,2.93025e-01
4.69530e+00,9.75756e+04,3.00826e-01
4.79520e+00,9.70846e+04,3.16372e-01
4.89510e+00,9.69027e+04,3.24108e-01
4.99499e+00,9.67363e+04,3.39559e-01
5.09489e+00,9.61586e+04,3.47252e-01
5.19479e+00,9.55592e+04,3.62567e-01
5.29469e+00,9.44357e+04,3.70144e-01
5.39459e+00,9.32834e+04,3.85163e-01
5.49449e+00,9.26635e+04,3.92578e-01
5.59439e+00,9.20741e+04,4.07337e-01
5.69429e+00,9.10273e+04,4.14639e-01
5.79419e+00,8.99534e+04,4.29117e-01
5.89409e+00,8.90907e+04,4.36257e-01
5.99399e+00,8.82411e+04,4.50435e-01
6.09389e+00,8.68318e+04,4.57417e-01
6.19379e+00,8.53868e+04,4.71211e-01
6.29369e+00,8.42265e+04,4.77975e-01
6.39359e+00,8.30852e+04,4.91366e-01
6.49349e+00,8.17260e+04,4.97939e-01
6.59339e+00,8.03519e+04,5.10921e-01
6.69329e+00,7.93267e+04,5.17289e-01
6.79319e+00,7.83262e+04,5.29903e-01
6.89309e+00,7.70413e+04,5.36099e-01
6.99299e+00,7.57356e+04,5.48337e-01
7.09289e+00,7.44526e+04,5.54327e-01
7.19279e+00,7.31714e+04,5.66152e-01
7.29269e+00,7.18652e+04,5.71936e-01
7.39259e+00,7.05570e+04,5.83348e-01
7.49249e+00,6.93038e+04,5.88926e-01
7.59239e+00,6.80551e+04,5.99932e-01
7.69229e+00,6.68230e+04,6.05311e-01
7.79219e+00,6.55922e+04,6.15921e-01
7.89209e+00,6.42449e+04,6.21099e-01
7.99199e+00,6.28878e+04,6.31294e-01
8.09189e+00,6.18353e+04,6.36268e-01
8.19179e+00,6.08093e+04,6.46091e-01
8.29169e+00,5.96325e+04,6.50894e-01
8.39159e+00,5.84422e+04,6.60359e-01
8.49149e+00,5.75163e+04,6.64984e-01
8.59139e+00,5.66147e+04,6.74123e-01
8.69129e+00,5.49316e+04,6.78571e-01
8.79119e+00,5.31749e+04,6.87264e-01
8.89109e+00,5.22935e+04,6.91470e-01
8.99099e+00,5.14968e+04,6.99780e-01
9.09089e+00,5.03366e+04,7.03842e-01
9.19079e+00,4.91403e+04,7.11824e-01
9.29069e+00,4.82002e+04,7.15706e-01
9.39059e+00,4.72861e+04,7.23358e-01
9.49049e+00,4.63453e+04,7.27092e-01
9.59039e+00,4.54018e+04,7.34448e-01
9.69029e+00,4.45106e+04,7.38033e-01
9.79019e+00,4.36250e+04,7.45098e-01
9.89009e+00,4.24704e+04,7.48532e-01
9.98999e+00,4.12866e+04,7.55260e-01
1.00899e+01,4.05064e+04,7.58522e-01
1.01898e+01,3.97711e+04,7.64955e-01
1.02897e+01,3.88543e+04,7.68090e-01
1.03896e+01,3.79167e+04,7.74251e-01
1.04895e+01,3.71340e+04,7.77244e-01
1.05894e+01,3.63692e+04,7.83137e-01
1.06893e+01,3.55018e+04,7.86004e-01
1.07892e+01,3.46222e+04,7.91632e-01
1.08891e+01,3.38009e+04,7.94360e-01
1.09890e+01,3.29867e+04,7.99720e-01
1.10889e+01,3.24010e+04,8.02328e-01
1.11888e+01,3.18436e+04,8.07474e-01
1.12887e+01,3.11256e+04,8.09985e-01
1.13886e+01,3.03873e+04,8.14921e-01
1.14885e+01,2.96880e+04,8.17317e-01
1.15884e+01,2.89937e+04,8.22025e-01
1.16883e+01,2.83374e+04,8.24311e-01
1.17882e+01,2.76860e+04,8.28806e-01
1.18881e+01,2.71602e+04,8.30993e-01
1.19880e+01,2.66512e+04,8.35306e-01
1.20879e+01,2.61066e+04,8.37410e-01
1.21878e+01,2.55572e+04,8.41552e-01
1.22877e+01,2.48104e+04,8.43561e-01
1.23876e+01,2.40362e+04,8.47488e-01
1.24875e+01,2.36032e+04,8.49388e-01
1.25874e+01,2.32186e+04,8.53138e-01
1.26873e+01,2.28187e+04,8.54974e-01
1.27872e+01,2.24166e+04,8.58598e-01
1.28871e+01,2.17149e+04,8.60358e-01
1.29870e+01,2.09691e+04,8.63792e-01
1.30869e+01,2.04667e+04,8.65444e-01
1.31868e+01,2.00006e+04,8.68691e-01
1.32867e+01,1.96131e+04,8.70270e-01
1.33866e+01,1.92374e+04,8.73384e-01
1.34865e+01,1.87528e+04,8.74899e-01
1.35864e+01,1.82513e+04,8.77871e-01
1.36863e+01,1.78534e+04,8.79311e-01
1.37862e+01,1.74718e+04,8.82143e-01
1.38861e+01,1.70867e+04,8.83522e-01
1.39860e+01,1.67011e+04,8.86232e-01
1.40859e+01,1.63692e+04,8.87551e-01
1.41858e+01,1.60460e+04,8.90149e-01
1.42857e+01,1.56500e+04,8.91413e-01
1.43856e+01,1.52419e+04,8.93893e-01
1.44855e+01,1.49321e+04,8.95097e-01
1.45854e+01,1.46389e+04,8.97467e-01
1.46853e+01,1.42753e+04,8.98620e-01
1.47852e+01,1.38997e+04,9.00882e-01
1.48851e+01,1.35641e+04,9.01978e-01
1.49850e+01,1.32354e+04,9.04128e-01
1.50849e+01,1.28583e+04,9.05169e-01
1.51848e+01,1.24727e+04,9.07205e-01
1.52847e+01,1.22768e+04,9.08192e-01
1.53846e+01,1.21150e+04,9.10144e-01
1.54845e+01,1.18218e+04,9.11098e-01
1.55844e+01,1.15046e+04,9.12972e-01
1.56843e+01,1.12325e+04,9.13878e-01
1.57842e+01,1.09688e+04,9.15660e-01
1.58841e+01,1.06121e+04,9.16520e-01
1.59840e+01,1.02380e+04,9.18198e-01
1.60839e+01,1.01822e+04,9.19013e-01
1.61838e+01,1.01872e+04,9.20637e-01
1.62837e+01,9.96749e+03,9.21441e-01
1.63836e+01,9.70426e+03,9.23020e-01
1.64835e+01,9.42516e+03,9.23783e-01
1.65834e+01,9.14294e+03,9.25275e-01
1.66833e+01,8.99148e+03,9.25999e-01
1.67832e+01,8.86611e+03,9.27428e-01
1.68831e+01,8.62525e+03,9.28126e-01
1.69830e+01,8.36101e+03,9.29491e-01
1.70829e+01,8.19582e+03,9.30151e-01
1.71828e+01,8.05096e+03,9.31453e-01
1.72827e+01,7.83707e+03,9.32087e-01
1.73826e+01,7.60880e+03,9.33328e-01
1.74825e+01,7.43909e+03,9.33928e-01
1.75824e+01,7.28175e+03,9.35108e-01
1.76823e+01,7.21327e+03,9.35686e-01
1.77822e+01,7.16382e+03,9.36835e-01
1.78821e+01,6.98017e+03,9.37399e-01
1.79820e+01,6.76738e+03,9.38504e-01
1.80819e+01,6.54436e+03,9.39035e-01
1.81818e+01,6.31908e+03,9.40070e-01
1.82817e+01,6.22695e+03,9.40570e-01
1.83816e+01,6.16451e+03,9.41561e-01
1.84815e+01,5.99289e+03,9.42046e-01
1.85814e+01,5.79659e+03,9.42994e-01
1.86813e+01,5.70066e+03,9.43453e-01
1.87812e+01,5.62774e+03,9.44359e-01
1.88811e+01,5.53778e+03,9.44804e-01
1.89810e+01,5.44388e+03,9.45684e-01
1.90809e+01,5.34310e+03,9.46114e-01
1.91808e+01,5.24070e+03,9.46962e-01
1.92807e+01,5.13064e+03,9.47376e-01
1.93806e+01,5.01875e+03,9.48190e-01
1.94805e+01,4.92135e+03,9.48586e-01
1.95804e+01,4.82744e+03,9.49368e-01
1.96803e+01,4.71708e+03,9.49748e-01
1.97802e+01,4.60269e+03,9.50496e-01
1.98801e+01,4.48511e+03,9.50859e-01
1.99800e+01,4.36672e+03,9.51569e-01
2.00799e+01,4.24595e+03,9.51913e-01
2.01798e+01,4.12457e+03,9.52585e-01
2.02797e+01,4.09004e+03,9.52913e-01
2.03796e+01,4.07755e+03,9.53565e-01
2.04795e+01,3.94505e+03,9.53885e-01
2.05794e+01,3.78171e+03,9.54508e-01
2.06793e+01,3.73175e+03,9.54807e-01
2.07792e+01,3.71127e+03,9.55402e-01
2.08791e+01,3.64690e+03,9.55695e-01
2.09790e+01,3.57098e+03,9.56274e-01
2.10789e+01,3.52897e+03,9.56557e-01
2.11788e+01,3.49600e+03,9.57119e-01
2.12787e+01,3.42920e+03,9.57395e-01
2.13786e+01,3.35328e+03,9.57939e-01
2.14785e+01,3.34092e+03,9.58206e-01
2.15784e+01,3.34592e+03,9.58739e-01
2.16783e+01,3.19945e+03,9.59000e-01
2.17782e+01,3.01113e+03,9.59503e-01
2.18781e+01,2.94462e+03,9.59741e-01
2.19780e+01,2.91216e+03,9.60209e-01
2.20779e+01,2.87229e+03,9.60440e-01
2.21778e+01,2.83033e+03,9.60896e-01
2.22777e+01,2.80080e+03,9.61121e-01
2.23776e+01,2.77483e+03,9.61566e-01
2.24775e+01,2.70779e+03,9.61785e-01
2.25774e+01,2.62887e+03,9.62214e-01
2.26773e+01,2.63650e+03,9.62424e-01
2.27772e+01,2.66947e+03,9.62846e-01
2.28771e+01,2.60069e+03,9.63056e-01
2.29770e+01,2.50179e+03,9.63467e-01
2.30769e+01,2.46132e+03,9.63665e-01
2.31768e+01,2.43834e+03,9.64057e-01
2.32767e+01,2.37971e+03,9.64249e-01
2.33766e+01,2.31028e+03,9.64626e-01
2.34765e+01,2.28253e+03,9.64809e-01
2.35764e+01,2.26754e+03,9.65172e-01
2.36763e+01,2.29604e+03,9.65354e-01
2.37762e+01,2.33799e+03,9.65722e-01
2.38761e+01,2.26774e+03,9.65906e-01
2.39760e+01,2.16235e+03,9.66263e-01
2.40759e+01,2.13396e+03,9.66435e-01
2.41758e+01,2.12997e+03,9.66775e-01
2.42757e+01,2.06241e+03,9.66942e-01
2.43756e+01,1.97449e+03,9.67268e-01
2.44755e+01,1.97262e+03,9.67425e-01
2.45754e+01,1.99860e+03,9.67741e-01
2.46753e+01,1.97075e+03,9.67899e-01
2.47752e+01,1.92530e+03,9.68212e-01
2.48751e+01,1.90799e+03,9.68365e-01
2.49750e+01,1.90000e+03,9.68669e-01
2.50749e+01,1.86955e+03,9.68819e-01
2.51748e+01,1.83159e+03,9.69116e-01
2.52747e+01,1.81789e+03,9.69261e-01
2.53746e+01,1.81240e+03,9.69551e-01
2.54745e+01,1.78307e+03,9.69694e-01
2.55744e+01,1.74561e+03,9.69977e-01
2.56743e+01,1.71038e+03,9.70115e-01
2.57742e+01,1.67591e+03,9.70387e-01
2.58741e+01,1.66626e+03,9.70520e-01
2.59740e+01,1.66526e+03,9.70786e-01
2.60739e+01,1.66352e+03,9.70918e-01
2.61738e+01,1.66152e+03,9.71184e-01
2.62737e+01,1.66542e+03,9.71316e-01
2.63736e+01,1.67141e+03,9.71582e-01
2.64735e+01,1.64141e+03,9.71714e-01
2.65734e+01,1.59845e+03,9.71974e-01
2.66733e+01,1.59103e+03,9.72102e-01
2.67732e+01,1.59652e+03,9.72356e-01
2.68731e+01,1.55233e+03,9.72481e-01
2.69730e+01,1.48989e+03,9.72726e-01
2.70729e+01,1.49996e+03,9.72846e-01
2.71728e+01,1.53693e+03,9.73086e-01
2.72727e+01,1.51430e+03,9.73208e-01
2.73726e+01,1.46934e+03,9.73448e-01
2.74725e+01,1.48381e+03,9.73566e-01
2.75724e+01,1.52078e+03,9.73804e-01
2.76723e+01,1.50281e+03,9.73924e-01
2.77722e+01,1.46385e+03,9.74163e-01
2.78721e+01,1.43895e+03,9.74278e-01
2.79720e+01,1.41947e+03,9.74507e-01
2.80719e+01,1.42370e+03,9.74620e-01
2.81718e+01,1.43719e+03,9.74848e-01
2.82717e+01,1.42452e+03,9.74962e-01
2.83716e+01,1.40154e+03,9.75189e-01
2.84715e+01,1.41323e+03,9.75301e-01
2.85714e+01,1.43870e+03,9.75527e-01
2.86713e+01,1.40716e+03,9.75641e-01
2.87712e+01,1.35271e+03,9.75863e-01
2.88711e+01,1.33629e+03,9.75970e-01
2.89710e+01,1.33529e+03,9.76183e-01
2.90709e+01,1.30594e+03,9.76289e-01
2.91708e+01,1.26498e+03,9.76495e-01
2.92707e+01,1.25477e+03,9.76596e-01
2.93706e+01,1.25726e+03,9.76796e-01
2.94705e+01,1.27421e+03,9.76897e-01
2.95704e+01,1.29719e+03,9.77101e-01
2.96703e+01,1.28292e+03,9.77204e-01
2.97702e+01,1.25295e+03,9.77408e-01
2.98701e+01,1.22753e+03,9.77507e-01
2.99700e+01,1.20406e+03,9.77702e-01
3.00699e+01,1.20434e+03,9.77798e-01
3.01698e+01,1.21483e+03,9.77990e-01
3.02697e+01,1.22148e+03,9.78087e-01
3.03696e+01,1.22648e+03,9.78282e-01
3.04695e+01,1.22904e+03,9.78380e-01
3.05694e+01,1.23054e+03,9.78576e-01
3.06693e+01,1.21126e+03,9.78674e-01
3.07692e+01,1.18279e+03,9.78866e-01
3.08691e+01,1.18471e+03,9.78960e-01
3.09690e+01,1.20019e+03,9.79150e-01
3.10689e+01,1.19674e+03,9.79245e-01
3.11688e+01,1.18475e+03,9.79436e-01
3.12687e+01,1.16933e+03,9.79530e-01
3.13686e+01,1.15234e+03,9.79716e-01
3.14685e+01,1.13844e+03,9.79807e-01
3.15684e+01,1.12595e+03,9.79988e-01
3.16683e+01,1.10425e+03,9.80077e-01
3.17682e+01,1.07828e+03,9.80252e-01
3.18681e+01,1.06626e+03,9.80338e-01
3.19680e+01,1.06076e+03,9.80508e-01
3.20679e+01,1.04102e+03,9.80591e-01
3.21678e+01,1.01454e+03,9.80756e-01
3.22677e+01,1.02461e+03,9.80838e-01
3.23676e+01,1.05208e+03,9.81002e-01
3.24675e+01,1.04211e+03,9.81086e-01
3.25674e+01,1.01414e+03,9.81251e-01
3.26673e+01,1.01408e+03,9.81332e-01
3.27672e+01,1.02757e+03,9.81494e-01
3.28671e+01,1.05011e+03,9.81577e-01
3.29670e+01,1.07708e+03,9.81746e-01
3.30669e+01,1.05658e+03,9.81831e-01
3.31668e+01,1.01262e+03,9.81997e-01
3.32667e+01,9.84000e+02,9.82077e-01
3.33666e+01,9.63021e+02,9.82233e-01
3.34665e+01,9.54338e+02,9.82310e-01
3.35664e+01,9.51841e+02,9.82462e-01
3.36663e+01,9.36753e+02,9.82537e-01
3.37662e+01,9.15274e+02,9.82686e-01
3.38661e+01,9.07009e+02,9.82758e-01
3.39660e+01,9.05511e+02,9.82903e-01
3.40659e+01,9.14221e+02,9.82976e-01
3.41658e+01,9.28207e+02,9.83122e-01
3.42657e+01,9.23150e+02,9.83196e-01
3.43656e+01,9.08165e+02,9.83342e-01
3.44655e+01,8.99399e+02,9.83415e-01
3.45654e+01,8.93905e+02,9.83558e-01
3.46653e+01,8.79926e+02,9.83629e-01
3.47652e+01,8.61444e+02,9.83768e-01
3.48651e+01,8.49795e+02,9.83836e-01
3.49650e+01,8.41803e+02,9.83972e-01
3.50649e+01,8.37054e+02,9.84039e-01
3.51648e+01,8.34057e+02,9.84172e-01
3.52647e+01,8.16834e+02,9.84238e-01
3.53646e+01,7.91859e+02,9.84367e-01
3.54645e+01,7.85579e+02,9.84430e-01
3.55644e+01,7.89575e+02,9.84556e-01
3.56643e+01,7.80718e+02,9.84618e-01
3.57642e+01,7.64734e+02,9.84742e-01
3.58641e+01,7.67969e+02,9.84803e-01
3.59640e+01,7.81955e+02,9.84926e-01
3.60639e+01,7.85723e+02,9.84989e-01
3.61638e+01,7.83725e+02,9.85114e-01
3.62637e+01,7.72814e+02,9.85176e-01
3.63636e+01,7.56830e+02,9.85299e-01
3.64635e+01,7.25932e+02,9.85358e-01
3.65634e+01,6.86471e+02,9.85472e-01
3.66633e+01,6.82755e+02,9.85527e-01
3.67632e+01,6.99738e+02,9.85636e-01
3.68631e+01,7.11676e+02,9.85693e-01
3.69630e+01,7.20667e+02,9.85806e-01
3.70629e+01,7.17399e+02,9.85864e-01
3.71628e+01,7.06910e+02,9.85978e-01
3.72627e+01,6.97674e+02,9.86034e-01
3.73626e+01,6.89182e+02,9.86145e-01
3.74625e+01,6.60390e+02,9.86199e-01
3.75624e+01,6.19431e+02,9.86302e-01
3.76623e+01,6.15207e+02,9.86352e-01
3.77622e+01,6.33189e+02,9.86450e-01
3.78621e+01,6.41241e+02,9.86501e-01
3.79620e+01,6.43239e+02,9.86604e-01
3.80619e+01,6.36577e+02,9.86655e-01
3.81618e+01,6.24589e+02,9.86756e-01
3.82617e+01,6.20925e+02,9.86805e-01
3.83616e+01,6.22423e+02,9.86905e-01
3.84615e+01,6.12552e+02,9.86954e-01
3.85614e+01,5.95569e+02,9.87051e-01
3.86613e+01,5.98189e+02,9.87098e-01
3.87612e+01,6.13174e+02,9.87194e-01
3.88611e+01,5.90301e+02,9.87242e-01
3.89610e+01,5.43348e+02,9.87335e-01
3.90609e+01,5.43258e+02,9.87378e-01
3.91608e+01,5.73228e+02,9.87466e-01
3.92607e+01,5.77417e+02,9.87512e-01
3.93606e+01,5.64930e+02,9.87603e-01
3.94605e+01,5.34304e+02,9.87647e-01
3.95604e+01,4.91847e+02,9.87731e-01
3.96603e+01,4.92777e+02,9.87770e-01
3.97602e+01,5.22247e+02,9.87850e-01
3.98601e+01,5.12979e+02,9.87891e-01
3.99600e+01,4.78014e+02,9.87972e-01
4.00599e+01,4.70285e+02,9.88009e-01
4.01598e+01,4.80775e+02,9.88085e-01
4.02597e+01,4.82912e+02,9.88123e-01
4.03596e+01,4.79415e+02,9.88200e-01
4.04595e+01,4.80676e+02,9.88238e-01
4.05594e+01,4.85171e+02,9.88315e-01
4.06593e+01,4.91148e+02,9.88354e-01
4.07592e+01,4.98141e+02,9.88433e-01
4.08591e+01,4.82396e+02,9.88472e-01
4.09590e+01,4.50928e+02,9.88548e-01
4.10589e+01,4.40354e+02,9.88583e-01
4.11588e+01,4.44350e+02,9.88654e-01
4.12587e+01,4.48053e+02,9.88689e-01
4.13586e+01,4.51550e+02,9.88761e-01
4.14585e+01,4.47739e+02,9.88797e-01
4.15584e+01,4.38748e+02,9.88868e-01
4.16583e+01,4.17231e+02,9.88902e-01
4.17582e+01,3.86762e+02,9.88967e-01
4.18581e+01,3.80386e+02,9.88998e-01
4.19580e+01,3.91375e+02,9.89059e-01
4.20579e+01,3.98314e+02,9.89090e-01
4.21578e+01,4.02310e+02,9.89154e-01
4.22577e+01,4.03423e+02,9.89186e-01
4.23576e+01,4.02424e+02,9.89251e-01
4.24575e+01,3.93381e+02,9.89282e-01
4.25574e+01,3.78396e+02,9.89344e-01
4.26573e+01,3.64557e+02,9.89374e-01
4.27572e+01,3.51570e+02,9.89432e-01
4.28571e+01,3.52562e+02,9.89460e-01
4.29570e+01,3.64050e+02,9.89517e-01
4.30569e+01,3.67010e+02,9.89546e-01
4.31568e+01,3.63514e+02,9.89604e-01
4.32567e+01,3.61150e+02,9.89633e-01
4.33566e+01,3.59652e+02,9.89691e-01
4.34565e+01,3.62952e+02,9.89719e-01
4.35564e+01,3.69945e+02,9.89778e-01
4.36563e+01,3.68781e+02,9.89807e-01
4.37562e+01,3.61288e+02,9.89866e-01
4.38561e+01,3.49311e+02,9.89894e-01
4.39560e+01,3.33827e+02,9.89949e-01
4.40559e+01,3.32865e+02,9.89976e-01
4.41558e+01,3.43354e+02,9.90029e-01
4.42557e+01,3.49948e+02,9.90057e-01
4.43556e+01,3.53444e+02,9.90113e-01
4.44555e+01,3.41968e+02,9.90140e-01
4.45554e+01,3.18491e+02,9.90194e-01
4.46553e+01,2.99712e+02,9.90219e-01
4.47552e+01,2.84727e+02,9.90266e-01
4.48551e+01,2.84607e+02,9.90289e-01
4.49550e+01,2.96595e+02,9.90334e-01
4.50549e+01,3.02823e+02,9.90358e-01
4.51548e+01,3.04321e+02,9.90407e-01
4.52547e+01,3.04727e+02,9.90431e-01
4.53546e+01,3.04227e+02,9.90480e-01
4.54545e+01,2.97193e+02,9.90504e-01
4.55544e+01,2.84706e+02,9.90551e-01
4.56543e+01,2.90393e+02,9.90573e-01
4.57542e+01,3.11372e+02,9.90621e-01
4.58541e+01,3.08568e+02,9.90645e-01
4.59540e+01,2.85591e+02,9.90694e-01
4.60539e+01,2.80116e+02,9.90716e-01
4.61538e+01,2.89607e+02,9.90761e-01
4.62537e+01,2.83001e+02,9.90784e-01
4.63536e+01,2.62522e+02,9.90828e-01
4.64535e+01,2.65027e+02,9.90849e-01
4.65534e+01,2.87505e+02,9.90893e-01
4.66533e+01,2.93473e+02,9.90916e-01
4.67532e+01,2.84982e+02,9.90962e-01
4.68531e+01,2.79674e+02,9.90985e-01
4.69530e+01,2.77176e+02,9.91029e-01
4.70529e+01,2.66751e+02,9.91051e-01
4.71528e+01,2.49268e+02,9.91093e-01
4.72527e+01,2.43633e+02,9.91113e-01
4.73526e+01,2.48628e+02,9.91152e-01
4.74525e+01,2.58868e+02,9.91172e-01
4.75524e+01,2.73853e+02,9.91214e-01
4.76523e+01,2.74468e+02,9.91236e-01
4.77522e+01,2.61981e+02,9.91279e-01
4.78521e+01,2.56781e+02,9.91300e-01
4.79520e+01,2.58279e+02,9.91341e-01
4.80519e+01,2.52000e+02,9.91361e-01
4.81518e+01,2.38514e+02,9.91401e-01
4.82517e+01,2.28901e+02,9.91419e-01
4.83516e+01,2.22907e+02,9.91456e-01
4.84515e+01,2.25917e+02,9.91473e-01
4.85514e+01,2.37405e+02,9.91510e-01
4.86513e+01,2.35056e+02,9.91529e-01
4.87512e+01,2.19572e+02,9.91566e-01
4.88511e+01,2.13787e+02,9.91583e-01
4.89510e+01,2.17283e+02,9.91617e-01
4.90509e+01,2.21288e+02,9.91635e-01
4.91508e+01,2.25784e+02,9.91670e-01
4.92507e+01,2.27493e+02,9.91688e-01
4.93506e+01,2.26494e+02,9.91724e-01
4.94505e+01,2.28270e+02,9.91743e-01
4.95504e+01,2.32766e+02,9.91779e-01
4.96503e+01,2.30980e+02,9.91798e-01
4.97502e+01,2.22988e+02,9.91834e-01
4.98501e+01,2.21503e+02,9.91852e-01
4.99499e+01,2.26497e+02,9.91885e-01
5.00498e+01,2.23517e+02,9.91903e-01
5.01497e+01,2.12528e+02,9.91939e-01
5.02496e+01,2.11965e+02,9.91956e-01
5.03495e+01,2.21955e+02,9.91990e-01
5.04494e+01,2.24528e+02,9.92008e-01
5.05493e+01,2.19533e+02,9.92043e-01
5.06492e+01,2.15030e+02,9.92061e-01
5.07491e+01,2.11034e+02,9.92095e-01
5.08490e+01,2.09736e+02,9.92112e-01
5.09489e+01,2.11234e+02,9.92145e-01
5.10488e+01,2.07115e+02,9.92162e-01
5.11487e+01,1.97125e+02,9.92194e-01
5.12486e+01,1.94189e+02,9.92210e-01
5.13485e+01,1.98685e+02,9.92241e-01
5.14484e+01,1.93248e+02,9.92257e-01
5.15483e+01,1.77264e+02,9.92287e-01
5.16482e+01,1.77202e+02,9.92301e-01
5.17481e+01,1.94185e+02,9.92330e-01
5.18480e+01,2.02279e+02,9.92346e-01
5.19479e+01,2.00781e+02,9.92378e-01
5.20478e+01,1.99761e+02,9.92394e-01
5.21477e+01,1.99261e+02,9.92426e-01
5.22476e+01,2.03765e+02,9.92442e-01
5.23475e+01,2.13755e+02,9.92475e-01
5.24474e+01,2.06901e+02,9.92492e-01
5.25473e+01,1.81426e+02,9.92524e-01
5.26472e+01,1.67764e+02,9.92538e-01
5.27471e+01,1.67264e+02,9.92564e-01
5.28470e+01,1.69823e+02,9.92578e-01
5.29469e+01,1.75817e+02,9.92605e-01
5.30468e+01,1.80405e+02,9.92619e-01
5.31467e+01,1.83402e+02,9.92648e-01
5.32466e+01,1.82668e+02,9.92663e-01
5.33465e+01,1.77673e+02,9.92692e-01
5.34464e+01,1.72678e+02,9.92706e-01
5.35463e+01,1.67683e+02,9.92733e-01
5.36462e+01,1.69856e+02,9.92747e-01
5.37461e+01,1.80345e+02,9.92774e-01
5.38460e+01,1.77251e+02,9.92788e-01
5.39459e+01,1.58270e+02,9.92816e-01
5.40458e+01,1.45708e+02,9.92828e-01
5.41457e+01,1.40713e+02,9.92851e-01
5.42456e+01,1.46673e+02,9.92863e-01
5.43455e+01,1.65654e+02,9.92887e-01
5.44454e+01,1.73955e+02,9.92900e-01
5.45453e+01,1.69459e+02,9.92928e-01
5.46452e+01,1.70167e+02,9.92941e-01
5.47451e+01,1.77160e+02,9.92969e-01
5.48450e+01,1.80550e+02,9.92983e-01
5.49449e+01,1.79551e+02,9.93012e-01
5.50448e+01,1.72497e+02,9.93026e-01
5.51447e+01,1.58012e+02,9.93053e-01
5.52446e+01,1.56473e+02,9.93065e-01
5.53445e+01,1.70959e+02,9.93091e-01
5.54444e+01,1.76111e+02,9.93105e-01
5.55443e+01,1.69618e+02,9.93133e-01
5.56442e+01,1.66442e+02,9.93146e-01
5.57441e+01,1.67441e+02,9.93173e-01
5.58440e+01,1.64697e+02,9.93186e-01
5.59439e+01,1.57204e+02,9.93212e-01
5.60438e+01,1.56508e+02,9.93224e-01
5.61437e+01,1.64499e+02,9.93250e-01
5.62436e+01,1.67909e+02,9.93263e-01
5.63435e+01,1.65411e+02,9.93290e-01
5.64434e+01,1.57483e+02,9.93302e-01
5.65433e+01,1.42498e+02,9.93327e-01
5.66432e+01,1.38757e+02,9.93338e-01
5.67431e+01,1.49746e+02,9.93361e-01
5.68430e+01,1.51696e+02,9.93373e-01
5.69429e+01,1.41706e+02,9.93397e-01
5.70428e+01,1.37071e+02,9.93408e-01
5.71427e+01,1.39569e+02,9.93430e-01
5.72426e+01,1.42279e+02,9.93441e-01
5.73425e+01,1.45276e+02,9.93464e-01
5.74424e+01,1.48485e+02,9.93475e-01
5.75423e+01,1.51982e+02,9.93499e-01
5.76422e+01,1.54845e+02,9.93511e-01
5.77421e+01,1.56843e+02,9.93536e-01
5.78420e+01,1.54216e+02,9.93549e-01
5.79419e+01,1.45225e+02,9.93573e-01
5.80418e+01,1.41883e+02,9.93584e-01
5.81417e+01,1.46378e+02,9.93607e-01
5.82416e+01,1.47334e+02,9.93619e-01
5.83415e+01,1.43338e+02,9.93642e-01
5.84414e+01,1.39135e+02,9.93654e-01
5.85413e+01,1.34640e+02,9.93676e-01
5.86412e+01,1.34887e+02,9.93686e-01
5.87411e+01,1.41880e+02,9.93708e-01
5.88410e+01,1.43948e+02,9.93720e-01
5.89409e+01,1.38953e+02,9.93742e-01
5.90408e+01,1.36204e+02,9.93753e-01
5.91407e+01,1.36704e+02,9.93775e-01
5.92406e+01,1.36797e+02,9.93786e-01
5.93405e+01,1.36297e+02,9.93808e-01
5.94404e+01,1.36404e+02,9.93819e-01
5.95403e+01,1.37403e+02,9.93840e-01
5.96402e+01,1.36189e+02,9.93851e-01
5.97401e+01,1.31694e+02,9.93873e-01
5.98400e+01,1.31803e+02,9.93883e-01
5.99399e+01,1.38796e+02,9.93905e-01
6.00398e+01,1.42602e+02,9.93916e-01
6.01397e+01,1.41603e+02,9.93939e-01
6.02396e+01,1.42189e+02,9.93950e-01
6.03395e+01,1.45186e+02,9.93973e-01
6.04394e+01,1.43450e+02,9.93984e-01
6.05393e+01,1.34459e+02,9.94007e-01
6.06392e+01,1.28804e+02,9.94017e-01
6.07391e+01,1.28304e+02,9.94038e-01
6.08390e+01,1.27805e+02,9.94048e-01
6.09389e+01,1.27305e+02,9.94068e-01
6.10388e+01,1.27388e+02,9.94079e-01
6.11387e+01,1.28387e+02,9.94099e-01
6.12386e+01,1.25329e+02,9.94109e-01
6.13385e+01,1.15839e+02,9.94129e-01
6.14384e+01,1.13459e+02,9.94138e-01
6.15383e+01,1.22450e+02,9.94156e-01
6.16382e+01,1.29147e+02,9.94166e-01
6.17381e+01,1.32144e+02,9.94187e-01
6.18380e+01,1.30957e+02,9.94198e-01
6.19379e+01,1.22965e+02,9.94218e-01
6.20378e+01,1.18946e+02,9.94228e-01
6.21377e+01,1.21443e+02,9.94247e-01
6.22376e+01,1.21306e+02,9.94257e-01
6.23375e+01,1.16811e+02,9.94276e-01
6.24374e+01,1.16995e+02,9.94285e-01
6.25373e+01,1.24987e+02,9.94304e-01
6.26372e+01,1.30186e+02,9.94314e-01
6.27371e+01,1.30686e+02,9.94335e-01
6.28370e+01,1.27111e+02,9.94345e-01
6.29369e+01,1.16622e+02,9.94365e-01
6.30368e+01,1.12026e+02,9.94374e-01
6.31367e+01,1.17521e+02,9.94392e-01
6.32366e+01,1.21000e+02,9.94402e-01
6.33365e+01,1.21000e+02,9.94421e-01
6.34364e+01,1.17721e+02,9.94431e-01
6.35363e+01,1.08730e+02,9.94449e-01
6.36362e+01,1.03362e+02,9.94458e-01
6.37361e+01,1.04361e+02,9.94474e-01
6.38360e+01,1.08243e+02,9.94483e-01
6.39359e+01,1.17234e+02,9.94500e-01
6.40358e+01,1.18341e+02,9.94510e-01
6.41357e+01,1.05354e+02,9.94528e-01
6.42356e+01,9.64655e+01,9.94536e-01
6.43355e+01,9.49670e+01,9.94551e-01
6.44354e+01,9.59489e+01,9.94559e-01
6.45353e+01,1.01443e+02,9.94574e-01
6.46352e+01,1.06762e+02,9.94583e-01
6.47351e+01,1.11757e+02,9.94600e-01
6.48350e+01,1.13073e+02,9.94609e-01
6.49349e+01,1.07579e+02,9.94627e-01
6.50348e+01,1.05045e+02,9.94635e-01
6.51347e+01,1.08042e+02,9.94652e-01
6.52346e+01,1.11212e+02,9.94661e-01
6.53345e+01,1.14709e+02,9.94679e-01
6.54344e+01,1.12696e+02,9.94688e-01
6.55343e+01,1.00208e+02,9.94705e-01
6.56342e+01,9.13153e+01,9.94713e-01
6.57341e+01,8.93173e+01,9.94727e-01
6.58340e+01,9.27648e+01,9.94735e-01
6.59339e+01,1.06751e+02,9.94750e-01
6.60338e+01,1.14139e+02,9.94759e-01
6.61337e+01,1.08645e+02,9.94777e-01
6.62336e+01,1.06514e+02,9.94785e-01
6.63335e+01,1.11009e+02,9.94803e-01
6.64334e+01,1.12328e+02,9.94812e-01
6.65333e+01,1.07333e+02,9.94829e-01
6.66332e+01,1.05662e+02,9.94838e-01
6.67331e+01,1.10657e+02,9.94855e-01
6.68330e+01,1.11688e+02,9.94864e-01
6.69329e+01,1.04695e+02,9.94881e-01
6.70328e+01,1.00657e+02,9.94889e-01
6.71327e+01,1.02655e+02,9.94906e-01
6.72326e+01,1.03021e+02,9.94914e-01
6.73325e+01,1.00024e+02,9.94930e-01
6.74324e+01,1.00270e+02,9.94938e-01
6.75323e+01,1.07263e+02,9.94954e-01
6.76322e+01,1.10066e+02,9.94963e-01
6.77321e+01,1.04072e+02,9.94980e-01
6.78320e+01,9.90390e+01,9.94988e-01
6.79319e+01,9.60420e+01,9.95004e-01
6.80318e+01,9.71832e+01,9.95012e-01
6.81317e+01,1.07173e+02,9.95028e-01
6.82316e+01,1.13526e+02,9.95037e-01
6.83315e+01,1.12027e+02,9.95055e-01
6.84314e+01,1.09900e+02,9.95063e-01
6.85313e+01,1.06403e+02,9.95081e-01
6.86312e+01,1.04625e+02,9.95089e-01
6.87311e+01,1.06623e+02,9.95106e-01
6.88310e+01,1.08621e+02,9.95115e-01
6.89309e+01,1.10619e+02,9.95132e-01
6.90308e+01,1.09842e+02,9.95141e-01
6.91307e+01,1.02849e+02,9.95158e-01
6.92306e+01,9.84595e+01,9.95166e-01
6.93305e+01,9.99580e+01,9.95182e-01
6.94304e+01,1.02369e+02,9.95190e-01
6.95303e+01,1.06865e+02,9.95206e-01
6.96302e+01,1.09698e+02,9.95215e-01
6.97301e+01,1.08699e+02,9.95233e-01
6.98300e+01,1.08000e+02,9.95241e-01
6.99299e+01,1.08000e+02,9.95258e-01
7.00298e+01,1.06359e+02,9.95267e-01
7.01297e+01,1.00865e+02,9.95284e-01
7.02296e+01,9.46296e+01,9.95292e-01
7.03295e+01,8.66376e+01,9.95306e-01
7.04294e+01,8.14414e+01,9.95313e-01
7.05293e+01,8.29399e+01,9.95326e-01
7.06292e+01,8.54615e+01,9.95333e-01
7.07291e+01,9.04565e+01,9.95347e-01
7.08290e+01,9.41451e+01,9.95354e-01
7.09289e+01,9.46446e+01,9.95369e-01
7.10288e+01,9.55766e+01,9.95377e-01
7.11287e+01,9.75746e+01,9.95392e-01
7.12286e+01,9.72823e+01,9.95400e-01
7.13285e+01,9.12883e+01,9.95415e-01
7.14284e+01,8.81371e+01,9.95422e-01
7.15283e+01,9.21331e+01,9.95436e-01
7.16282e+01,9.30240e+01,9.95444e-01
7.17281e+01,8.60310e+01,9.95458e-01
7.18280e+01,8.19810e+01,9.95465e-01
7.19279e+01,8.54775e+01,9.95478e-01
7.20278e+01,8.75826e+01,9.95485e-01
7.21277e+01,8.60841e+01,9.95499e-01
7.22276e+01,8.74865e+01,9.95506e-01
7.23275e+01,9.64775e+01,9.95520e-01
7.24274e+01,1.01080e+02,9.95528e-01
7.25273e+01,9.40871e+01,9.95544e-01
7.26272e+01,8.91361e+01,9.95551e-01
7.27271e+01,8.96356e+01,9.95566e-01
7.28270e+01,8.97297e+01,9.95573e-01
7.29269e+01,8.87307e+01,9.95587e-01
7.30268e+01,8.78659e+01,9.95594e-01
7.31267e+01,8.73664e+01,9.95608e-01
7.32266e+01,8.95295e+01,9.95615e-01
7.33265e+01,9.90200e+01,9.95630e-01
7.34264e+01,1.01772e+02,9.95638e-01
7.35263e+01,8.57878e+01,9.95653e-01
7.36262e+01,7.64915e+01,9.95660e-01
7.37261e+01,8.59820e+01,9.95672e-01
7.38260e+01,9.41712e+01,9.95680e-01
7.39259e+01,9.86667e+01,9.95695e-01
7.40258e+01,1.00450e+02,9.95703e-01
7.41257e+01,9.44565e+01,9.95719e-01
7.42256e+01,8.88468e+01,9.95726e-01
7.43255e+01,8.43514e+01,9.95740e-01
7.44254e+01,8.15085e+01,9.95746e-01
7.45253e+01,8.35065e+01,9.95760e-01
7.46252e+01,8.60090e+01,9.95766e-01
7.47251e+01,9.00050e+01,9.95780e-01
7.48250e+01,9.26246e+01,9.95787e-01
7.49249e+01,9.11261e+01,9.95802e-01
7.50248e+01,9.11171e+01,9.95809e-01
7.51247e+01,9.56126e+01,9.95824e-01
7.52246e+01,9.67838e+01,9.95832e-01
7.53245e+01,8.77928e+01,9.95847e-01
7.54244e+01,8.22212e+01,9.95854e-01
7.55243e+01,8.72162e+01,9.95867e-01
7.56242e+01,9.13634e+01,9.95874e-01
7.57241e+01,9.28619e+01,9.95889e-01
7.58240e+01,9.43604e+01,9.95896e-01
7.59239e+01,9.58589e+01,9.95911e-01
7.60238e+01,9.25926e+01,9.95919e-01
7.61237e+01,7.41111e+01,9.95933e-01
7.62236e+01,6.15355e+01,9.95938e-01
7.63235e+01,6.80290e+01,9.95948e-01
7.64234e+01,7.53423e+01,9.95954e-01
7.65233e+01,8.53323e+01,9.95967e-01
7.66232e+01,8.92843e+01,9.95974e-01
7.67231e+01,7.33003e+01,9.95987e-01
7.68230e+01,6.41081e+01,9.95993e-01
7.69229e+01,7.75946e+01,9.96003e-01
7.70228e+01,8.84565e+01,9.96010e-01
7.71227e+01,9.04545e+01,9.96024e-01
7.72226e+01,8.99640e+01,9.96031e-01
7.73225e+01,8.09730e+01,9.96045e-01
7.74224e+01,7.53453e+01,9.96052e-01
7.75223e+01,8.13393e+01,9.96064e-01
7.76222e+01,8.56667e+01,9.96071e-01
7.77221e+01,8.41682e+01,9.96084e-01
7.78220e+01,8.30000e+01,9.96091e-01
7.79219e+01,8.30000e+01,9.96104e-01
7.80218e+01,8.36547e+01,9.96111e-01
7.81217e+01,8.66517e+01,9.96124e-01
7.82216e+01,8.74865e+01,9.96131e-01
7.83215e+01,8.04935e+01,9.96145e-01
7.84214e+01,7.68208e+01,9.96151e-01
7.85213e+01,8.53123e+01,9.96164e-01
7.86212e+01,8.95596e+01,9.96171e-01
7.87211e+01,7.80711e+01,9.96184e-01
7.88210e+01,7.22583e+01,9.96190e-01
7.89209e+01,8.77427e+01,9.96203e-01
7.90208e+01,9.62523e+01,9.96210e-01
7.91207e+01,7.82703e+01,9.96225e-01
7.92206e+01,6.66807e+01,9.96230e-01
7.93205e+01,7.96677e+01,9.96242e-01
7.94204e+01,8.98979e+01,9.96248e-01
7.95203e+01,8.93984e+01,9.96263e-01
7.96202e+01,8.79890e+01,9.96270e-01
7.97201e+01,8.29940e+01,9.96284e-01
7.98200e+01,7.87998e+01,9.96290e-01
7.99199e+01,7.78008e+01,9.96303e-01
8.00198e+01,7.60090e+01,9.96309e-01
8.01197e+01,7.10140e+01,9.96321e-01
8.02196e+01,6.64114e+01,9.96326e-01
8.03195e+01,6.34144e+01,9.96337e-01
8.04194e+01,6.24565e+01,9.96342e-01
8.05193e+01,6.99489e+01,9.96352e-01
8.06192e+01,7.65766e+01,9.96358e-01
8.07191e+01,7.95736e+01,9.96370e-01
8.08190e+01,8.17147e+01,9.96376e-01
8.09189e+01,8.02162e+01,9.96389e-01
8.10188e+01,7.91882e+01,9.96396e-01
8.11187e+01,8.01872e+01,9.96408e-01
8.12186e+01,7.93243e+01,9.96415e-01
8.13185e+01,7.03333e+01,9.96427e-01
8.14184e+01,6.36446e+01,9.96432e-01
8.15183e+01,6.71411e+01,9.96443e-01
8.16182e+01,7.08198e+01,9.96448e-01
8.17181e+01,7.53153e+01,9.96460e-01
8.18180e+01,7.72883e+01,9.96466e-01
8.19179e+01,6.77978e+01,9.96478e-01
8.20178e+01,6.03564e+01,9.96483e-01
8.21177e+01,6.23544e+01,9.96493e-01
8.22176e+01,6.46166e+01,9.96498e-01
8.23175e+01,6.81131e+01,9.96508e-01
8.24174e+01,7.05646e+01,9.96514e-01
8.25173e+01,6.80671e+01,9.96525e-01
8.26172e+01,6.67748e+01,9.96530e-01
8.27171e+01,7.12703e+01,9.96541e-01
8.28170e+01,7.51702e+01,9.96547e-01
8.29169e+01,7.61692e+01,9.96559e-01
8.30168e+01,7.55706e+01,9.96565e-01
8.31167e+01,6.70791e+01,9.96577e-01
8.32166e+01,5.86707e+01,9.96582e-01
8.33165e+01,5.06787e+01,9.96591e-01
8.34164e+01,4.59700e+01,9.96595e-01
8.35163e+01,5.79580e+01,9.96602e-01
8.36162e+01,6.76757e+01,9.96607e-01
8.37161e+01,6.56777e+01,9.96618e-01
8.38160e+01,6.40000e+01,9.96623e-01
8.39159e+01,6.40000e+01,9.96633e-01
8.40158e+01,6.52653e+01,9.96639e-01
8.41157e+01,7.32573e+01,9.96649e-01
8.42156e+01,7.83604e+01,9.96655e-01
8.43155e+01,6.78709e+01,9.96668e-01
8.44154e+01,5.97708e+01,9.96673e-01
8.45153e+01,6.47658e+01,9.96682e-01
8.46152e+01,6.85435e+01,9.96688e-01
8.47151e+01,6.55465e+01,9.96698e-01
8.48150e+01,6.30751e+01,9.96704e-01
8.49149e+01,6.35746e+01,9.96714e-01
8.50148e+01,6.34074e+01,9.96719e-01
8.51147e+01,5.94114e+01,9.96729e-01
8.52146e+01,5.62192e+01,9.96733e-01
8.53145e+01,5.77177e+01,9.96742e-01
8.54144e+01,5.97928e+01,9.96747e-01
8.55143e+01,6.52873e+01,9.96757e-01
8.56142e+01,6.98579e+01,9.96762e-01
8.57141e+01,6.88589e+01,9.96773e-01
8.58140e+01,6.80701e+01,9.96779e-01
8.59139e+01,6.85696e+01,9.96790e-01
8.60138e+01,6.87928e+01,9.96795e-01
8.61137e+01,6.72943e+01,9.96806e-01
8.62136e+01,6.49790e+01,9.96811e-01
8.63135e+01,5.74865e+01,9.96821e-01
8.64134e+01,5.13353e+01,9.96826e-01
8.65133e+01,5.38328e+01,9.96834e-01
8.66132e+01,5.73213e+01,9.96838e-01
8.67131e+01,6.73113e+01,9.96848e-01
8.68130e+01,7.58699e+01,9.96854e-01
8.69129e+01,7.48709e+01,9.96866e-01
8.70128e+01,7.36156e+01,9.96872e-01
8.71127e+01,7.06186e+01,9.96883e-01
8.72126e+01,6.83784e+01,9.96889e-01
8.73125e+01,7.13754e+01,9.96900e-01
8.74124e+01,7.36897e+01,9.96906e-01
8.75123e+01,7.11922e+01,9.96917e-01
8.76122e+01,6.77177e+01,9.96923e-01
8.77121e+01,5.72282e+01,9.96933e-01
8.78120e+01,4.85405e+01,9.96937e-01
8.79119e+01,5.30360e+01,9.96945e-01
8.80118e+01,5.87718e+01,9.96950e-01
8.81117e+01,7.37568e+01,9.96960e-01
8.82116e+01,8.50260e+01,9.96966e-01
8.83115e+01,6.80430e+01,9.96979e-01
8.84114e+01,5.35706e+01,9.96984e-01
8.85113e+01,5.85656e+01,9.96993e-01
8.86112e+01,6.26637e+01,9.96997e-01
8.87111e+01,5.96667e+01,9.97007e-01
8.88110e+01,5.70000e+01,9.97012e-01
8.89109e+01,5.70000e+01,9.97021e-01
8.90108e+01,5.74324e+01,9.97026e-01
8.91107e+01,6.14284e+01,9.97035e-01
8.92106e+01,6.46286e+01,9.97040e-01
8.93105e+01,6.11321e+01,9.97050e-01
8.94104e+01,5.81562e+01,9.97055e-01
8.95103e+01,5.96547e+01,9.97064e-01
8.96102e+01,6.20721e+01,9.97069e-01
8.97101e+01,7.25616e+01,9.97079e-01
8.98100e+01,8.00981e+01,9.97086e-01
8.99099e+01,6.11171e+01,9.97098e-01
9.00098e+01,4.45886e+01,9.97102e-01
9.01097e+01,5.05826e+01,9.97109e-01
9.02096e+01,5.57117e+01,9.97113e-01
9.03095e+01,5.27147e+01,9.97122e-01
9.04094e+01,5.01882e+01,9.97126e-01
9.05093e+01,5.21862e+01,9.97134e-01
9.06092e+01,5.44144e+01,9.97139e-01
9.07091e+01,5.89099e+01,9.97147e-01
9.08090e+01,6.28198e+01,9.97152e-01
9.09089e+01,6.08218e+01,9.97162e-01
9.10088e+01,5.82072e+01,9.97167e-01
9.11087e+01,4.92162e+01,9.97176e-01
9.12086e+01,4.13013e+01,9.97180e-01
9.13085e+01,4.47978e+01,9.97186e-01
9.14084e+01,4.83784e+01,9.97190e-01
9.15083e+01,5.28739e+01,9.97198e-01
9.16082e+01,5.71642e+01,9.97202e-01
9.17081e+01,5.91622e+01,9.97211e-01
9.18080e+01,6.08398e+01,9.97216e-01
9.19079e+01,5.88418e+01,9.97226e-01
9.20078e+01,5.68438e+01,9.97231e-01
9.21077e+01,5.48458e+01,9.97240e-01
9.22076e+01,5.27337e+01,9.97244e-01
9.23075e+01,4.92372e+01,9.97252e-01
9.24074e+01,4.58519e+01,9.97256e-01
9.25073e+01,4.38539e+01,9.97263e-01
9.26072e+01,4.25045e+01,9.97267e-01
9.27071e+01,4.94975e+01,9.97274e-01
9.28070e+01,5.64905e+01,9.97278e-01
9.29069e+01,6.34835e+01,9.97287e-01
9.30068e+01,6.90811e+01,9.97292e-01
9.31067e+01,5.55946e+01,9.97303e-01
9.32066e+01,4.30661e+01,9.97307e-01
9.33065e+01,4.40651e+01,9.97314e-01
9.34064e+01,4.53844e+01,9.97317e-01
9.35063e+01,5.13784e+01,9.97325e-01
9.36062e+01,5.70621e+01,9.97329e-01
9.37061e+01,5.80611e+01,9.97338e-01
9.38060e+01,5.92102e+01,9.97343e-01
9.39059e+01,6.27067e+01,9.97353e-01
9.40058e+01,6.55646e+01,9.97358e-01
9.41057e+01,5.80721e+01,9.97368e-01
9.42056e+01,5.12242e+01,9.97372e-01
9.43055e+01,5.52202e+01,9.97380e-01
9.44054e+01,5.85135e+01,9.97385e-01
9.45053e+01,4.95225e+01,9.97394e-01
9.46052e+01,4.10521e+01,9.97398e-01
9.47051e+01,4.20511e+01,9.97404e-01
9.48050e+01,4.32503e+01,9.97408e-01
9.49049e+01,4.82452e+01,9.97415e-01
9.50048e+01,5.32643e+01,9.97419e-01
9.51047e+01,5.87588e+01,9.97427e-01
9.52046e+01,6.37007e+01,9.97432e-01
9.53045e+01,5.72072e+01,9.97442e-01
9.54044e+01,5.10220e+01,9.97447e-01
9.55043e+01,5.15215e+01,9.97455e-01
9.56042e+01,5.19159e+01,9.97459e-01
9.57041e+01,4.99179e+01,9.97467e-01
9.58040e+01,4.82002e+01,9.97471e-01
9.59039e+01,5.31952e+01,9.97479e-01
9.60038e+01,5.78669e+01,9.97483e-01
9.61037e+01,5.43704e+01,9.97492e-01
9.62036e+01,5.11261e+01,9.97497e-01
9.63035e+01,5.46226e+01,9.97505e-01
9.64034e+01,5.75746e+01,9.97509e-01
9.65033e+01,4.50871e+01,9.97518e-01
9.66032e+01,3.32723e+01,9.97521e-01
9.67031e+01,4.17638e+01,9.97527e-01
9.68030e+01,5.00751e+01,9.97531e-01
9.69029e+01,5.25726e+01,9.97539e-01
9.70028e+01,5.47758e+01,9.97543e-01
9.71027e+01,4.67838e+01,9.97551e-01
9.72026e+01,3.89740e+01,9.97555e-01
9.73025e+01,3.79750e+01,9.97561e-01
9.74024e+01,3.70601e+01,9.97564e-01
9.75023e+01,3.95576e+01,9.97570e-01
9.76022e+01,4.21542e+01,9.97573e-01
9.77021e+01,4.91471e+01,9.97580e-01
9.78020e+01,5.59700e+01,9.97584e-01
9.79019e+01,5.44715e+01,9.97593e-01
9.80018e+01,5.29459e+01,9.97598e-01
9.81017e+01,4.99489e+01,9.97606e-01
9.82016e+01,4.68959e+01,9.97610e-01
9.83015e+01,4.04024e+01,9.97617e-01
9.84014e+01,3.41331e+01,9.97620e-01
9.85013e+01,4.36236e+01,9.97626e-01
9.86012e+01,5.29520e+01,9.97630e-01
9.87011e+01,4.89560e+01,9.97638e-01
9.88010e+01,4.50000e+01,9.97642e-01
9.89009e+01,4.50000e+01,9.97649e-01
9.90008e+01,4.49720e+01,9.97652e-01
9.91007e+01,4.14755e+01,9.97659e-01
9.92006e+01,3.80330e+01,9.97663e-01
9.93005e+01,4.35275e+01,9.97669e-01
9.94004e+01,4.90020e+01,9.97673e-01
9.95003e+01,4.95015e+01,9.97680e-01
9.96002e+01,7.88388e+01,9.97686e-01
9.97001e+01,1.44694e+04,9.98272e-01
9.98000e+01,2.88600e+04,1.00000e+00
